sqrt(s)         Diff_T          Real part       Imag part       Sigma_Tot      
100             7.97192819      0.00000000      1276007.90447989 49.68510940    
200             7.97193125      0.00000000      5665635.62465415 55.15203410    
300             7.97193172      0.00000000      13550350.45246362 58.62473651    
400             7.97193186      0.00000000      25156127.22748239 61.22047368    
500             7.97193193      0.00000000      40649804.37802427 63.31277324    
600             7.97193196      0.00000000      60165239.44890434 65.07527835    
700             7.97193198      0.00000000      83814935.71788351 66.60367944    
800             7.97193199      0.00000000      111696328.53652713 67.95662623    
900             7.97193200      0.00000000      143895599.62385285 69.17280391    
1000            7.97193200      0.00000000      180490177.80060956 70.27914324    
1100            7.97193201      0.00000000      221550473.05670807 71.29518447    
1200            7.97193201      0.00000000      267141131.34955117 72.23557838    
1300            7.97193201      0.00000000      317321973.59656447 73.11160666    
1400            7.97193202      0.00000000      372148717.69415110 73.93215089    
1500            7.97193202      0.00000000      431673546.30665582 74.70433476    
1600            7.97193202      0.00000000      495945561.88139808 75.43396372    
1700            7.97193202      0.00000000      565011157.20954013 76.12583456    
1800            7.97193202      0.00000000      638914321.43388975 76.78395862    
1900            7.97193202      0.00000000      717696895.83287847 77.41172615    
2000            7.97193202      0.00000000      801398789.91840887 78.01202957    
2100            7.97193202      0.00000000      890058165.74200153 78.58735737    
2200            7.97193202      0.00000000      983711596.42133534 79.13986683    
2300            7.97193202      0.00000000      1082394203.53325701 79.67144087    
2400            7.97193202      0.00000000      1186139777.01116872 80.18373322    
2500            7.97193202      0.00000000      1294980880.42921853 80.67820456    
2600            7.97193202      0.00000000      1408948943.98177266 81.15615177    
2700            7.97193202      0.00000000      1528074347.02515817 81.61873179    
2800            7.97193202      0.00000000      1652386491.70519066 82.06698131    
2900            7.97193202      0.00000000      1781913868.92398739 82.50183305    
3000            7.97193202      0.00000000      1916684117.68525887 82.92412935    
3100            7.97193202      0.00000000      2056724078.68569827 83.33463365    
3200            7.97193202      0.00000000      2202059842.88152122 83.73404012    
3300            7.97193202      0.00000000      2352716795.64655066 84.12298192    
3400            7.97193202      0.00000000      2508719657.04588747 84.50203821    
3500            7.97193202      0.00000000      2670092518.67304945 84.87174019    
3600            7.97193202      0.00000000      2836858877.43532276 85.23257632    
3700            7.97193202      0.00000000      3009041666.61926937 85.58499686    
3800            7.97193202      0.00000000      3186663284.52414417 85.92941775    
3900            7.97193202      0.00000000      3369745620.91360521 86.26622410    
4000            7.97193202      0.00000000      3558310081.50448179 86.59577316    
4100            7.97193202      0.00000000      3752377610.68444204 86.91839701    
4200            7.97193202      0.00000000      3951968712.62731886 87.23440487    
4300            7.97193202      0.00000000      4157103470.95515728 87.54408519    
4400            7.97193202      0.00000000      4367801567.07889557 87.84770750    
4500            7.97193202      0.00000000      4584082297.33494568 88.14552403    
4600            7.97193202      0.00000000      4805964589.02202225 88.43777117    
4700            7.97193202      0.00000000      5033467015.43154812 88.72467084    
4800            7.97193202      0.00000000      5266607809.95506382 89.00643158    
4900            7.97193202      0.00000000      5505404879.34365749 89.28324968    
5000            7.97193202      0.00000000      5749875816.18684196 89.55531011    
5100            7.97193202      0.00000000      6000037910.67168427 89.82278738    
5200            7.97193202      0.00000000      6255908161.67721939 90.08584633    
5300            7.97193202      0.00000000      6517503287.25384808 90.34464285    
5400            7.97193202      0.00000000      6784839734.53297997 90.59932450    
5500            7.97193202      0.00000000      7057933689.10793114 90.85003113    
5600            7.97193202      0.00000000      7336801083.92353344 91.09689538    
5700            7.97193202      0.00000000      7621457607.70854568 91.34004320    
5800            7.97193202      0.00000000      7911918712.98213863 91.57959430    
5900            7.97193202      0.00000000      8208199623.66292381 91.81566253    
6000            7.97193202      0.00000000      8510315342.30681038 92.04835629    
6100            7.97193202      0.00000000      8818280656.99768639 92.27777888    
6200            7.97193202      0.00000000      9132110147.91306496 92.50402880    
6300            7.97193202      0.00000000      9451818193.58509636 92.72720003    
6400            7.97193202      0.00000000      9777418976.87568092 92.94738237    
6500            7.97193202      0.00000000      10108926490.68310356 93.16466161    
6600            7.97193202      0.00000000      10446354543.39619064 93.37911983    
6700            7.97193202      0.00000000      10789716764.11087990 93.59083558    
6800            7.97193202      0.00000000      11139026607.62295341 93.79988407    
6900            7.97193202      0.00000000      11494297359.20972824 94.00633741    
7000            7.97193202      0.00000000      11855542139.21257782 94.21026473    
7100            7.97193202      0.00000000      12222773907.43136406 94.41173238    
7200            7.97193202      0.00000000      12596005467.34095192 94.61080404    
7300            7.97193202      0.00000000      12975249470.13961029 94.80754090    
7400            7.97193202      0.00000000      13360518418.63796234 95.00200177    
7500            7.97193202      0.00000000      13751824670.99708939 95.19424321    
7600            7.97193202      0.00000000      14149180444.32347298 95.38431964    
7700            7.97193202      0.00000000      14552597818.12806892 95.57228346    
7800            7.97193202      0.00000000      14962088737.65644646 95.75818513    
7900            7.97193202      0.00000000      15377665017.09629440 95.94207328    
8000            7.97193202      0.00000000      15799338342.66843033 96.12399481    
8100            7.97193202      0.00000000      16227120275.60684776 96.30399493    
8200            7.97193202      0.00000000      16661022255.03319931 96.48211728    
8300            7.97193202      0.00000000      17101055600.73065948 96.65840401    
8400            7.97193202      0.00000000      17547231515.82190323 96.83289581    
8500            7.97193202      0.00000000      17999561089.35554504 97.00563199    
8600            7.97193202      0.00000000      18458055298.80536270 97.17665057    
8700            7.97193202      0.00000000      18922725012.48605347 97.34598830    
8800            7.97193202      0.00000000      19393580991.88937759 97.51368075    
8900            7.97193202      0.00000000      19870633893.94417953 97.67976232    
9000            7.97193202      0.00000000      20353894273.20346832 97.84426633    
9100            7.97193202      0.00000000      20843372583.96192932 98.00722504    
9200            7.97193202      0.00000000      21339079182.30659485 98.16866972    
9300            7.97193202      0.00000000      21841024328.10365677 98.32863067    
9400            7.97193202      0.00000000      22349218186.92397308 98.48713725    
9500            7.97193202      0.00000000      22863670831.90990448 98.64421795    
9600            7.97193202      0.00000000      23384392245.58570099 98.79990041    
9700            7.97193202      0.00000000      23911392321.61394119 98.95421144    
9800            7.97193202      0.00000000      24444680866.49998093 99.10717708    
9900            7.97193202      0.00000000      24984267601.24658585 99.25882261    
10000           7.97193202      0.00000000      25530162162.96062469 99.40917259    
10100           7.97193202      0.00000000      26082374106.41373444 99.55825088    
10200           7.97193202      0.00000000      26640912905.55868530 99.70608065    
10300           7.97193201      0.00000000      27205787955.00318146 99.85268447    
10400           7.97193201      0.00000000      27777008571.44254684 99.99808425    
10500           7.97193201      0.00000000      28354583995.05309677 100.14230131   
10600           7.97193201      0.00000000      28938523390.84732819 100.28535641   
10700           7.97193201      0.00000000      29528835849.99259567 100.42726974   
10800           7.97193201      0.00000000      30125530391.09443283 100.56806095   
10900           7.97193201      0.00000000      30728615961.44577026 100.70774918   
11000           7.97193201      0.00000000      31338101438.24347687 100.84635308   
11100           7.97193201      0.00000000      31953995629.77303696 100.98389080   
11200           7.97193201      0.00000000      32576307276.56280136 101.12038005   
11300           7.97193201      0.00000000      33205045052.50863647 101.25583807   
11400           7.97193201      0.00000000      33840217565.97009277 101.39028167   
11500           7.97193201      0.00000000      34481833360.83906555 101.52372726   
11600           7.97193201      0.00000000      35129900917.58174133 101.65619082   
11700           7.97193201      0.00000000      35784428654.25502014 101.78768795   
11800           7.97193201      0.00000000      36445424927.49777985 101.91823387   
11900           7.97193201      0.00000000      37112898033.49834442 102.04784345   
12000           7.97193201      0.00000000      37786856208.93850708 102.17653117   
12100           7.97193201      0.00000000      38467307631.91519165 102.30431120   
12200           7.97193201      0.00000000      39154260422.84004211 102.43119737   
12300           7.97193201      0.00000000      39847722645.31822968 102.55720316   
12400           7.97193201      0.00000000      40547702307.00648499 102.68234179   
12500           7.97193201      0.00000000      41254207360.45162201 102.80662613   
12600           7.97193201      0.00000000      41967245703.90961456 102.93006879   
12700           7.97193201      0.00000000      42686825182.14620209 103.05268207   
12800           7.97193201      0.00000000      43412953587.21935272 103.17447801   
12900           7.97193201      0.00000000      44145638659.24437714 103.29546839   
13000           7.97193201      0.00000000      44884888087.14198303 103.41566471   
