sqrt(s)         Diff_T          Real part       Imag part       Sigma_Tot      
100             7.97192819      0.00000000      1276007.90447754 49.68510940    
200             7.97193125      0.00000000      5665635.62462793 55.15203410    
300             7.97193172      0.00000000      13550350.45257910 58.62473651    
400             7.97193186      0.00000000      25156127.22826536 61.22047368    
500             7.97193193      0.00000000      40649804.38017836 63.31277324    
600             7.97193196      0.00000000      60165239.45350282 65.07527835    
700             7.97193198      0.00000000      83814935.72608089 66.60367945    
800             7.97193199      0.00000000      111696328.54936747 67.95662624    
900             7.97193200      0.00000000      143895599.64217886 69.17280392    
1000            7.97193201      0.00000000      180490177.82498318 70.27914325    
1100            7.97193201      0.00000000      221550473.08768496 71.29518448    
1200            7.97193201      0.00000000      267141131.38808453 72.23557839    
1300            7.97193201      0.00000000      317321973.64422107 73.11160667    
1400            7.97193202      0.00000000      372148717.75307345 73.93215091    
1500            7.97193202      0.00000000      431673546.37936383 74.70433478    
1600            7.97193202      0.00000000      495945561.97057170 75.43396374    
1700            7.97193202      0.00000000      565011157.31788564 76.12583458    
1800            7.97193202      0.00000000      638914321.56411314 76.78395864    
1900            7.97193202      0.00000000      717696895.98773611 77.41172617    
2000            7.97193202      0.00000000      801398790.10080075 78.01202959    
2100            7.97193202      0.00000000      890058165.95509064 78.58735739    
2200            7.97193202      0.00000000      983711596.66868782 79.13986685    
2300            7.97193202      0.00000000      1082394203.81900311 79.67144089    
2400            7.97193202      0.00000000      1186139777.34016514 80.18373324    
2500            7.97193202      0.00000000      1294980880.80717540 80.67820459    
2600            7.97193202      0.00000000      1408948944.41532636 81.15615179    
2700            7.97193202      0.00000000      1528074347.52187800 81.61873182    
2800            7.97193202      0.00000000      1652386492.27353120 82.06698134    
2900            7.97193203      0.00000000      1781913869.57321239 82.50183308    
3000            7.97193203      0.00000000      1916684118.42537236 82.92412938    
3100            7.97193203      0.00000000      2056724079.52738786 83.33463368    
3200            7.97193203      0.00000000      2202059843.83612823 83.73404016    
3300            7.97193203      0.00000000      2352716796.72605181 84.12298196    
3400            7.97193203      0.00000000      2508719658.26285887 84.50203825    
3500            7.97193203      0.00000000      2670092520.04062080 84.87174023    
3600            7.97193203      0.00000000      2836858878.96708536 85.23257637    
3700            7.97193203      0.00000000      3009041668.32916403 85.58499691    
3800            7.97193203      0.00000000      3186663286.42631912 85.92941780    
3900            7.97193203      0.00000000      3369745623.02226877 86.26622415    
4000            7.97193203      0.00000000      3558310083.83376694 86.59577322    
4100            7.97193203      0.00000000      3752377613.24828720 86.91839707    
4200            7.97193203      0.00000000      3951968715.43939686 87.23440493    
4300            7.97193203      0.00000000      4157103474.02884007 87.54408525    
4400            7.97193203      0.00000000      4367801570.42727375 87.84770757    
4500            7.97193203      0.00000000      4584082300.97088432 88.14552410    
4600            7.97193203      0.00000000      4805964592.95827866 88.43777125    
4700            7.97193203      0.00000000      5033467019.68090820 88.72467091    
4800            7.97193203      0.00000000      5266607814.53051090 89.00643165    
4900            7.97193203      0.00000000      5505404884.25855827 89.28324976    
5000            7.97193203      0.00000000      5749875821.45513439 89.55531019    
5100            7.97193203      0.00000000      6000037916.30805969 89.82278746    
5200            7.97193203      0.00000000      6255908167.69728374 90.08584642    
5300            7.97193203      0.00000000      6517503293.67426682 90.34464294    
5400            7.97193203      0.00000000      6784839741.37158489 90.59932459    
5500            7.97193203      0.00000000      7057933696.38379765 90.85003122    
5600            7.97193203      0.00000000      7336801091.65702248 91.09689547    
5700            7.97193203      0.00000000      7621457615.92131424 91.34004330    
5800            7.97193203      0.00000000      7911918721.69710732 91.57959440    
5900            7.97193203      0.00000000      8208199632.90422916 91.81566263    
6000            7.97193203      0.00000000      8510315352.09972477 92.04835640    
6100            7.97193203      0.00000000      8818280667.36851501 92.27777899    
6200            7.97193203      0.00000000      9132110158.88905716 92.50402891    
6300            7.97193203      0.00000000      9451818205.19431877 92.72720015    
6400            7.97193203      0.00000000      9777418989.14690781 92.94738249    
6500            7.97193203      0.00000000      10108926503.64570618 93.16466173    
6600            7.97193203      0.00000000      10446354557.08003616 93.37911996    
6700            7.97193203      0.00000000      10789716778.54622841 93.59083570    
6800            7.97193203      0.00000000      11139026622.84037971 93.79988420    
6900            7.97193203      0.00000000      11494297375.24005890 94.00633754    
7000            7.97193203      0.00000000      11855542156.08683205 94.21026487    
7100            7.97193203      0.00000000      12222773925.18068695 94.41173252    
7200            7.97193203      0.00000000      12596005485.99661255 94.61080418    
7300            7.97193203      0.00000000      12975249489.73293877 94.80754104    
7400            7.97193203      0.00000000      13360518439.20033836 95.00200191    
7500            7.97193203      0.00000000      13751824692.55994225 95.19424336    
7600            7.97193203      0.00000000      14149180466.91823006 95.38431979    
7700            7.97193203      0.00000000      14552597841.78615952 95.57228361    
7800            7.97193203      0.00000000      14962088762.40926361 95.75818529    
7900            7.97193203      0.00000000      15377665042.97519112 95.94207345    
8000            7.97193203      0.00000000      15799338369.70466042 96.12399497    
8100            7.97193203      0.00000000      16227120303.83154488 96.30399509    
8200            7.97193203      0.00000000      16661022284.47732735 96.48211745    
8300            7.97193203      0.00000000      17101055631.42496681 96.65840419    
8400            7.97193203      0.00000000      17547231547.79683685 96.83289598    
8500            7.97193203      0.00000000      17999561122.64123535 97.00563217    
8600            7.97193203      0.00000000      18458055333.43148804 97.17665075    
8700            7.97193203      0.00000000      18922725048.48182678 97.34598849    
8800            7.97193203      0.00000000      19393581029.28344345 97.51368094    
8900            7.97193203      0.00000000      19870633932.76451111 97.67976251    
9000            7.97193203      0.00000000      20353894313.47734070 97.84426652    
9100            7.97193203      0.00000000      20843372625.71581268 98.00722524    
9200            7.97193203      0.00000000      21339079225.56609726 98.16866992    
9300            7.97193203      0.00000000      21841024372.89344025 98.32863087    
9400            7.97193203      0.00000000      22349218233.26771545 98.48713745    
9500            7.97193203      0.00000000      22863670879.83022690 98.64421815    
9600            7.97193203      0.00000000      23384392295.10415649 98.79990061    
9700            7.97193203      0.00000000      23911392372.75096512 98.95421165    
9800            7.97193203      0.00000000      24444680919.27486420 99.10717729    
9900            7.97193203      0.00000000      24984267655.67746353 99.25882283    
10000           7.97193203      0.00000000      25530162219.06449127 99.40917281    
10100           7.97193203      0.00000000      26082374164.20643234 99.55825110    
10200           7.97193203      0.00000000      26640912965.05497360 99.70608088    
10300           7.97193203      0.00000000      27205788016.21669388 99.85268470    
10400           7.97193203      0.00000000      27777008634.38590622 99.99808448    
10500           7.97193203      0.00000000      28354584059.73792648 100.14230154   
10600           7.97193203      0.00000000      28938523457.28432465 100.28535664   
10700           7.97193203      0.00000000      29528835918.19157791 100.42726997   
10800           7.97193203      0.00000000      30125530461.06444931 100.56806118   
10900           7.97193203      0.00000000      30728616033.19515991 100.70774941   
11000           7.97193203      0.00000000      31338101511.77992630 100.84635331   
11100           7.97193203      0.00000000      31953995705.10371017 100.98389104   
11200           7.97193203      0.00000000      32576307353.69438934 101.12038029   
11300           7.97193203      0.00000000      33205045131.44749451 101.25583831   
11400           7.97193203      0.00000000      33840217646.72227097 101.39028191   
11500           7.97193203      0.00000000      34481833443.41044617 101.52372750   
11600           7.97193203      0.00000000      35129901001.97811127 101.65619106   
11700           7.97193203      0.00000000      35784428740.48214722 101.78768819   
11800           7.97193203      0.00000000      36445425015.56149292 101.91823412   
11900           7.97193203      0.00000000      37112898123.40463257 102.04784370   
12000           7.97193203      0.00000000      37786856300.69361877 102.17653142   
12100           7.97193203      0.00000000      38467307725.52560425 102.30431145   
12200           7.97193203      0.00000000      39154260518.31264496 102.43119762   
12300           7.97193203      0.00000000      39847722742.66029358 102.55720341   
12400           7.97193203      0.00000000      40547702406.22579193 102.68234204   
12500           7.97193203      0.00000000      41254207461.55644989 102.80662638   
12600           7.97193203      0.00000000      41967245806.90881348 102.93006904   
12700           7.97193203      0.00000000      42686825287.04920197 103.05268232   
12800           7.97193203      0.00000000      43412953694.03622437 103.17447826   
12900           7.97193203      0.00000000      44145638767.98581696 103.29546864   
13000           7.97193203      0.00000000      44884888197.81931305 103.41566497   
